         #         D         I         2         3     total
   0.00000   1.00000   0.00000   0.00000   0.00000   1.00000
   0.00010   0.95480   0.04034   0.00199   0.00287   1.00000
   0.00020   0.96128   0.02749   0.00467   0.00655   1.00000
   0.00030   0.94802   0.04329   0.00382   0.00487   1.00000
   0.00040   0.93781   0.05088   0.00504   0.00627   1.00000
   0.00050   0.94782   0.03983   0.00572   0.00663   1.00000
   0.00060   0.94655   0.04023   0.00581   0.00741   1.00000
   0.00070   0.94478   0.04093   0.00600   0.00829   1.00000
   0.00080   0.94746   0.03827   0.00646   0.00781   1.00000
   0.00090   0.94486   0.03695   0.00802   0.01017   1.00000
   0.00100   0.94044   0.03469   0.01152   0.01335   1.00000
   0.00110   0.93971   0.02770   0.01517   0.01741   1.00000
   0.00120   0.93746   0.02701   0.01648   0.01904   1.00000
   0.00130   0.91830   0.03731   0.02061   0.02378   1.00000
   0.00140   0.91399   0.04126   0.02156   0.02320   1.00000
   0.00150   0.89842   0.05974   0.02060   0.02125   1.00000
   0.00160   0.88623   0.06785   0.02277   0.02315   1.00000
   0.00170   0.88909   0.06471   0.02257   0.02363   1.00000
   0.00180   0.88428   0.06663   0.02390   0.02519   1.00000
   0.00190   0.88966   0.05598   0.02612   0.02823   1.00000
   0.00200   0.89029   0.05402   0.02800   0.02769   1.00000
   0.00210   0.88102   0.05283   0.03212   0.03403   1.00000
   0.00220   0.87987   0.04815   0.03475   0.03723   1.00000
   0.00230   0.87536   0.04552   0.03736   0.04176   1.00000
   0.00240   0.87066   0.04300   0.03888   0.04746   1.00000
   0.00250   0.86481   0.04131   0.04316   0.05072   1.00000
   0.00260   0.86182   0.04804   0.04381   0.04633   1.00000
   0.00270   0.85805   0.05326   0.04277   0.04592   1.00000
   0.00280   0.85737   0.05427   0.04342   0.04494   1.00000
   0.00290   0.85523   0.05796   0.04171   0.04510   1.00000
   0.00300   0.85425   0.05234   0.04330   0.05010   1.00000
   0.00310   0.85580   0.05071   0.04436   0.04913   1.00000
   0.00320   0.85611   0.05229   0.04129   0.05031   1.00000
   0.00330   0.85104   0.05128   0.04369   0.05399   1.00000
   0.00340   0.85664   0.05307   0.03990   0.05040   1.00000
   0.00350   0.85130   0.05744   0.03892   0.05234   1.00000
   0.00360   0.85084   0.05415   0.03877   0.05624   1.00000
   0.00370   0.84852   0.05406   0.04012   0.05730   1.00000
   0.00380   0.84753   0.05236   0.04202   0.05809   1.00000
   0.00390   0.84631   0.05263   0.04255   0.05851   1.00000
   0.00400   0.85029   0.05124   0.04243   0.05604   1.00000
   0.00410   0.84936   0.05185   0.04218   0.05661   1.00000
   0.00420   0.85180   0.04888   0.04166   0.05767   1.00000
   0.00430   0.85777   0.03984   0.04372   0.05868   1.00000
   0.00440   0.84945   0.04698   0.04215   0.06142   1.00000
   0.00450   0.85323   0.03642   0.04620   0.06415   1.00000
   0.00460   0.85240   0.04371   0.04654   0.05735   1.00000
   0.00470   0.84536   0.04863   0.04653   0.05949   1.00000
   0.00480   0.84560   0.04631   0.04918   0.05891   1.00000
   0.00490   0.84172   0.05057   0.05060   0.05711   1.00000
   0.00500   0.84275   0.04751   0.05115   0.05859   1.00000
   0.00510   0.84745   0.04409   0.05258   0.05588   1.00000
   0.00520   0.84804   0.04758   0.05134   0.05304   1.00000
   0.00530   0.84498   0.05359   0.05005   0.05138   1.00000
   0.00540   0.84148   0.05881   0.04850   0.05121   1.00000
   0.00550   0.83456   0.06611   0.04783   0.05150   1.00000
   0.00560   0.82500   0.07527   0.04594   0.05379   1.00000
   0.00570   0.82599   0.07458   0.04483   0.05460   1.00000
   0.00580   0.81985   0.08308   0.04303   0.05404   1.00000
   0.00590   0.80986   0.09547   0.03692   0.05775   1.00000
   0.00600   0.81143   0.09145   0.03810   0.05903   1.00000
   0.00610   0.80238   0.10265   0.03658   0.05839   1.00000
   0.00620   0.80868   0.09208   0.03877   0.06047   1.00000
   0.00630   0.80836   0.08740   0.03976   0.06449   1.00000
   0.00640   0.80208   0.08905   0.04138   0.06749   1.00000
   0.00650   0.79457   0.09090   0.04348   0.07106   1.00000
   0.00660   0.78626   0.10076   0.04189   0.07109   1.00000
   0.00670   0.76891   0.11794   0.04242   0.07072   1.00000
   0.00680   0.76368   0.12397   0.04076   0.07159   1.00000
   0.00690   0.76151   0.12742   0.04021   0.07086   1.00000
   0.00700   0.75831   0.13033   0.03964   0.07172   1.00000
   0.00710   0.75747   0.12785   0.04070   0.07398   1.00000
   0.00720   0.75618   0.13054   0.04084   0.07245   1.00000
   0.00730   0.74742   0.12610   0.04791   0.07858   1.00000
   0.00740   0.75216   0.11493   0.05241   0.08050   1.00000
   0.00750   0.74843   0.10816   0.05611   0.08730   1.00000
   0.00760   0.74386   0.10190   0.06298   0.09126   1.00000
   0.00770   0.74394   0.09909   0.06709   0.08987   1.00000
   0.00780   0.73251   0.10940   0.06884   0.08924   1.00000
   0.00790   0.72695   0.11198   0.07475   0.08631   1.00000
   0.00800   0.72428   0.11489   0.07404   0.08679   1.00000
   0.00810   0.72361   0.11551   0.07512   0.08577   1.00000
   0.00820   0.72456   0.10458   0.07992   0.09094   1.00000
   0.00830   0.72428   0.09846   0.08419   0.09307   1.00000
   0.00840   0.72166   0.09354   0.08815   0.09665   1.00000
   0.00850   0.71675   0.08123   0.09842   0.10360   1.00000
   0.00860   0.71851   0.07391   0.10041   0.10717   1.00000
   0.00870   0.71675   0.07111   0.10030   0.11185   1.00000
   0.00880   0.71615   0.05708   0.10782   0.11894   1.00000
   0.00890   0.71843   0.05586   0.10618   0.11953   1.00000
   0.00900   0.71205   0.05983   0.10524   0.12287   1.00000
   0.00910   0.70601   0.06368   0.10969   0.12062   1.00000
   0.00920   0.70190   0.07199   0.10419   0.12192   1.00000
   0.00930   0.69991   0.07011   0.10760   0.12238   1.00000
   0.00940   0.70023   0.05998   0.11143   0.12835   1.00000
   0.00950   0.70419   0.04817   0.11022   0.13742   1.00000
   0.00960   0.69690   0.04938   0.11392   0.13979   1.00000
   0.00970   0.69015   0.04393   0.11851   0.14741   1.00000
   0.00980   0.68937   0.04217   0.11951   0.14895   1.00000
   0.00990   0.68551   0.04400   0.12394   0.14655   1.00000
   0.01000   0.68912   0.03051   0.12936   0.15100   1.00000
   0.01010   0.68993   0.03154   0.12998   0.14855   1.00000
   0.01020   0.68577   0.04344   0.12422   0.14657   1.00000
   0.01030   0.67892   0.05296   0.12641   0.14171   1.00000
   0.01040   0.67579   0.06632   0.11788   0.14000   1.00000
   0.01050   0.67435   0.07276   0.12233   0.13056   1.00000
   0.01060   0.67815   0.06587   0.12613   0.12985   1.00000
   0.01070   0.68334   0.06132   0.12377   0.13157   1.00000
   0.01080   0.67752   0.06481   0.13025   0.12742   1.00000
   0.01090   0.67180   0.06649   0.12897   0.13274   1.00000
   0.01100   0.66874   0.07085   0.12706   0.13335   1.00000
   0.01110   0.66340   0.08245   0.12933   0.12482   1.00000
   0.01120   0.66599   0.07495   0.13097   0.12808   1.00000
   0.01130   0.67086   0.07610   0.13092   0.12212   1.00000
   0.01140   0.66990   0.08502   0.13038   0.11470   1.00000
   0.01150   0.66823   0.09214   0.12551   0.11412   1.00000
   0.01160   0.66430   0.10958   0.11550   0.11063   1.00000
   0.01170   0.65987   0.12350   0.11161   0.10502   1.00000
   0.01180   0.66565   0.11780   0.10793   0.10862   1.00000
   0.01190   0.67121   0.12149   0.10450   0.10279   1.00000
   0.01200   0.67285   0.11550   0.11238   0.09927   1.00000
   0.01210   0.67418   0.12168   0.10180   0.10235   1.00000
   0.01220   0.67040   0.12834   0.10168   0.09958   1.00000
   0.01230   0.67127   0.13079   0.09902   0.09892   1.00000
   0.01240   0.68126   0.12288   0.09443   0.10144   1.00000
   0.01250   0.68921   0.11821   0.09577   0.09681   1.00000
   0.01260   0.69912   0.11362   0.09442   0.09283   1.00000
   0.01270   0.70063   0.11720   0.09064   0.09154   1.00000
   0.01280   0.69802   0.12753   0.08824   0.08621   1.00000
   0.01290   0.70035   0.12833   0.08276   0.08857   1.00000
   0.01300   0.70681   0.13062   0.07272   0.08985   1.00000
   0.01310   0.71498   0.12585   0.07144   0.08773   1.00000
   0.01320   0.72352   0.11962   0.06970   0.08716   1.00000
   0.01330   0.72777   0.11937   0.06796   0.08490   1.00000
   0.01340   0.72767   0.11317   0.07396   0.08520   1.00000
   0.01350   0.73032   0.10988   0.07128   0.08852   1.00000
   0.01360   0.73232   0.10549   0.06992   0.09228   1.00000
   0.01370   0.73404   0.10245   0.07134   0.09217   1.00000
   0.01380   0.74038   0.09922   0.07119   0.08921   1.00000
   0.01390   0.74114   0.09891   0.07313   0.08683   1.00000
   0.01400   0.74068   0.09735   0.07499   0.08698   1.00000
   0.01410   0.74186   0.09376   0.07329   0.09109   1.00000
   0.01420   0.74078   0.09120   0.07298   0.09504   1.00000
   0.01430   0.74277   0.09146   0.07253   0.09323   1.00000
   0.01440   0.74675   0.08736   0.07326   0.09264   1.00000
   0.01450   0.74611   0.08577   0.07507   0.09305   1.00000
   0.01460   0.74681   0.08311   0.07940   0.09068   1.00000
   0.01470   0.74734   0.07525   0.07910   0.09832   1.00000
   0.01480   0.74765   0.06938   0.08255   0.10042   1.00000
   0.01490   0.74558   0.07006   0.08173   0.10263   1.00000
   0.01500   0.75129   0.06437   0.07961   0.10472   1.00000
   0.01510   0.75213   0.06778   0.07923   0.10086   1.00000
   0.01520   0.75296   0.07370   0.07839   0.09495   1.00000
   0.01530   0.76244   0.05931   0.07684   0.10141   1.00000
   0.01540   0.75598   0.06767   0.07676   0.09959   1.00000
   0.01550   0.75989   0.06383   0.07201   0.10427   1.00000
   0.01560   0.76247   0.06014   0.06850   0.10889   1.00000
   0.01570   0.75971   0.06470   0.06954   0.10605   1.00000
   0.01580   0.76388   0.05944   0.06983   0.10685   1.00000
   0.01590   0.76483   0.05430   0.07170   0.10917   1.00000
   0.01600   0.76227   0.05714   0.07305   0.10753   1.00000
   0.01610   0.76059   0.05782   0.06918   0.11241   1.00000
   0.01620   0.76146   0.05811   0.06477   0.11566   1.00000
   0.01630   0.75817   0.07048   0.06367   0.10767   1.00000
   0.01640   0.75933   0.07622   0.06028   0.10417   1.00000
   0.01650   0.76437   0.06728   0.06469   0.10367   1.00000
   0.01660   0.75599   0.07980   0.06494   0.09926   1.00000
   0.01670   0.76055   0.07372   0.06498   0.10075   1.00000
   0.01680   0.75780   0.07752   0.06538   0.09931   1.00000
   0.01690   0.75136   0.08735   0.06749   0.09379   1.00000
   0.01700   0.75169   0.08300   0.06995   0.09535   1.00000
   0.01710   0.74954   0.08053   0.07599   0.09394   1.00000
   0.01720   0.74843   0.08163   0.08019   0.08975   1.00000
   0.01730   0.75331   0.07563   0.08105   0.09001   1.00000
   0.01740   0.75127   0.08387   0.07973   0.08513   1.00000
   0.01750   0.75203   0.09072   0.07806   0.07919   1.00000
   0.01760   0.75161   0.09432   0.07678   0.07729   1.00000
   0.01770   0.75192   0.08911   0.08327   0.07570   1.00000
   0.01780   0.75051   0.08696   0.08851   0.07403   1.00000
   0.01790   0.74913   0.08491   0.09346   0.07250   1.00000
   0.01800   0.75280   0.08222   0.09442   0.07057   1.00000
   0.01810   0.74579   0.09109   0.09524   0.06787   1.00000
   0.01820   0.74604   0.09127   0.09411   0.06858   1.00000
   0.01830   0.74579   0.09449   0.09444   0.06528   1.00000
   0.01840   0.74218   0.09689   0.09697   0.06397   1.00000
   0.01850   0.74190   0.09548   0.09603   0.06659   1.00000
   0.01860   0.74033   0.09788   0.09771   0.06408   1.00000
   0.01870   0.73702   0.10824   0.09391   0.06083   1.00000
   0.01880   0.73788   0.11190   0.09022   0.06000   1.00000
   0.01890   0.73094   0.11603   0.09077   0.06227   1.00000
   0.01900   0.72151   0.11677   0.09316   0.06855   1.00000
   0.01910   0.71387   0.11559   0.09682   0.07371   1.00000
   0.01920   0.70714   0.12069   0.09918   0.07298   1.00000
   0.01930   0.69895   0.12453   0.10098   0.07554   1.00000
   0.01940   0.69242   0.13404   0.09506   0.07848   1.00000
   0.01950   0.68677   0.14001   0.09325   0.07997   1.00000
   0.01960   0.67467   0.14647   0.09606   0.08281   1.00000
   0.01970   0.67202   0.13911   0.09748   0.09140   1.00000
   0.01980   0.66804   0.13593   0.10791   0.08811   1.00000
   0.01990   0.66532   0.12933   0.10916   0.09619   1.00000
   0.02000   0.66455   0.12494   0.10943   0.10108   1.00000
   0.02010   0.65583   0.12168   0.11526   0.10723   1.00000
   0.02020   0.65223   0.10754   0.11651   0.12372   1.00000
   0.02030   0.65026   0.10088   0.12131   0.12755   1.00000
   0.02040   0.64857   0.09284   0.12866   0.12993   1.00000
   0.02050   0.64762   0.08790   0.13126   0.13323   1.00000
   0.02060   0.64510   0.08989   0.12941   0.13560   1.00000
   0.02070   0.64379   0.09635   0.12653   0.13332   1.00000
   0.02080   0.64446   0.08937   0.12437   0.14180   1.00000
   0.02090   0.64330   0.09071   0.12013   0.14586   1.00000
   0.02100   0.64675   0.08639   0.12638   0.14047   1.00000
   0.02110   0.64770   0.07687   0.12519   0.15025   1.00000
   0.02120   0.64514   0.08291   0.12527   0.14669   1.00000
   0.02130   0.64570   0.07550   0.12576   0.15305   1.00000
   0.02140   0.64358   0.07011   0.12034   0.16597   1.00000
   0.02150   0.64357   0.08024   0.11295   0.16325   1.00000
   0.02160   0.64970   0.07617   0.11421   0.15992   1.00000
   0.02170   0.64947   0.08326   0.10736   0.15991   1.00000
   0.02180   0.64673   0.09619   0.10432   0.15277   1.00000
   0.02190   0.64331   0.10719   0.09846   0.15104   1.00000
   0.02200   0.63475   0.11811   0.09301   0.15413   1.00000
   0.02210   0.62582   0.13246   0.08784   0.15387   1.00000
   0.02220   0.63278   0.12867   0.08510   0.15345   1.00000
   0.02230   0.62764   0.13048   0.08250   0.15938   1.00000
   0.02240   0.62512   0.14212   0.07816   0.15460   1.00000
   0.02250   0.63144   0.13412   0.07746   0.15698   1.00000
   0.02260   0.61876   0.14878   0.07157   0.16089   1.00000
   0.02270   0.63159   0.14536   0.06854   0.15451   1.00000
   0.02280   0.63762   0.14416   0.06882   0.14939   1.00000
   0.02290   0.63872   0.14672   0.06786   0.14670   1.00000
   0.02300   0.64453   0.14861   0.06958   0.13728   1.00000
   0.02310   0.64305   0.15503   0.07147   0.13046   1.00000
   0.02320   0.63482   0.16115   0.07268   0.13135   1.00000
   0.02330   0.63243   0.16776   0.07371   0.12610   1.00000
   0.02340   0.63446   0.16290   0.07458   0.12807   1.00000
   0.02350   0.63092   0.16364   0.07629   0.12915   1.00000
   0.02360   0.64117   0.15600   0.07705   0.12578   1.00000
   0.02370   0.64403   0.14969   0.07957   0.12671   1.00000
   0.02380   0.63670   0.15000   0.08070   0.13260   1.00000
   0.02390   0.64357   0.15421   0.08154   0.12067   1.00000
   0.02400   0.64041   0.16439   0.08272   0.11248   1.00000
   0.02410   0.63789   0.17649   0.08401   0.10161   1.00000
   0.02420   0.64851   0.17836   0.08583   0.08730   1.00000
   0.02430   0.64353   0.18274   0.08943   0.08429   1.00000
   0.02440   0.64136   0.18623   0.09107   0.08134   1.00000
   0.02450   0.64289   0.18756   0.09311   0.07644   1.00000
   0.02460   0.64110   0.19101   0.09203   0.07587   1.00000
   0.02470   0.64482   0.19643   0.09079   0.06796   1.00000
   0.02480   0.64832   0.19525   0.08960   0.06684   1.00000
   0.02490   0.64805   0.19427   0.09034   0.06733   1.00000
   0.02500   0.64942   0.18991   0.09259   0.06808   1.00000
   0.02510   0.65711   0.18389   0.09478   0.06422   1.00000
   0.02520   0.65606   0.18584   0.09575   0.06234   1.00000
   0.02530   0.65782   0.18721   0.09761   0.05736   1.00000
   0.02540   0.66271   0.18435   0.09919   0.05375   1.00000
   0.02550   0.66359   0.18434   0.10166   0.05041   1.00000
   0.02560   0.66825   0.17602   0.10286   0.05287   1.00000
   0.02570   0.67192   0.16741   0.10366   0.05702   1.00000
   0.02580   0.67442   0.16470   0.10199   0.05889   1.00000
   0.02590   0.67646   0.16655   0.09581   0.06119   1.00000
   0.02600   0.68124   0.16661   0.09593   0.05622   1.00000
   0.02610   0.68314   0.16705   0.09378   0.05602   1.00000
   0.02620   0.68464   0.15328   0.09644   0.06564   1.00000
   0.02630   0.68647   0.14356   0.10138   0.06859   1.00000
   0.02640   0.68094   0.14121   0.09971   0.07814   1.00000
   0.02650   0.67894   0.14067   0.10111   0.07927   1.00000
   0.02660   0.67521   0.14494   0.10266   0.07719   1.00000
   0.02670   0.66719   0.15184   0.10031   0.08065   1.00000
   0.02680   0.65948   0.15324   0.09947   0.08780   1.00000
   0.02690   0.65801   0.15049   0.09817   0.09333   1.00000
   0.02700   0.65263   0.15901   0.08874   0.09962   1.00000
   0.02710   0.64936   0.16614   0.08221   0.10229   1.00000
   0.02720   0.64312   0.17734   0.07924   0.10030   1.00000
   0.02730   0.63155   0.19004   0.07358   0.10483   1.00000
   0.02740   0.62593   0.18760   0.07652   0.10995   1.00000
   0.02750   0.62019   0.18567   0.08041   0.11373   1.00000
   0.02760   0.61521   0.18584   0.07904   0.11992   1.00000
   0.02770   0.61481   0.18136   0.08280   0.12103   1.00000
   0.02780   0.61120   0.18784   0.08335   0.11761   1.00000
   0.02790   0.60723   0.19062   0.08212   0.12003   1.00000
   0.02800   0.60579   0.18901   0.08693   0.11827   1.00000
   0.02810   0.60338   0.19217   0.08887   0.11558   1.00000
   0.02820   0.60379   0.19294   0.08808   0.11519   1.00000
   0.02830   0.59934   0.20021   0.08592   0.11453   1.00000
   0.02840   0.59624   0.21311   0.08165   0.10899   1.00000
   0.02850   0.58330   0.22532   0.07639   0.11499   1.00000
   0.02860   0.58400   0.22173   0.07888   0.11539   1.00000
   0.02870   0.57988   0.22317   0.08097   0.11597   1.00000
   0.02880   0.59204   0.20395   0.08367   0.12034   1.00000
   0.02890   0.59683   0.19343   0.08835   0.12139   1.00000
   0.02900   0.60100   0.18804   0.09038   0.12058   1.00000
   0.02910   0.60034   0.18374   0.08965   0.12627   1.00000
   0.02920   0.60140   0.18682   0.09174   0.12003   1.00000
   0.02930   0.60468   0.18640   0.09584   0.11308   1.00000
   0.02940   0.60761   0.18086   0.10076   0.11077   1.00000
   0.02950   0.60792   0.18519   0.10415   0.10274   1.00000
   0.02960   0.60548   0.19385   0.10387   0.09680   1.00000
   0.02970   0.60274   0.20211   0.09932   0.09583   1.00000
   0.02980   0.60655   0.20802   0.09452   0.09090   1.00000
   0.02990   0.61204   0.20660   0.09594   0.08543   1.00000
   0.03000   0.62097   0.19434   0.09610   0.08859   1.00000
   0.03010   0.62711   0.19307   0.09673   0.08309   1.00000
   0.03020   0.62835   0.18697   0.10010   0.08458   1.00000
   0.03030   0.63071   0.18556   0.09594   0.08780   1.00000
   0.03040   0.62892   0.18906   0.09570   0.08632   1.00000
   0.03050   0.63704   0.17905   0.09695   0.08695   1.00000
   0.03060   0.64036   0.17494   0.09501   0.08969   1.00000
   0.03070   0.64813   0.17145   0.09387   0.08654   1.00000
   0.03080   0.65366   0.16738   0.09584   0.08312   1.00000
   0.03090   0.65529   0.17024   0.09430   0.08016   1.00000
   0.03100   0.66125   0.16971   0.09580   0.07324   1.00000
   0.03110   0.66648   0.16665   0.09639   0.07048   1.00000
   0.03120   0.67235   0.16405   0.09482   0.06878   1.00000
   0.03130   0.68177   0.15978   0.09220   0.06624   1.00000
   0.03140   0.68264   0.15908   0.09510   0.06318   1.00000
   0.03150   0.68449   0.15699   0.09403   0.06449   1.00000
   0.03160   0.68813   0.15258   0.09506   0.06423   1.00000
   0.03170   0.68987   0.14392   0.09875   0.06747   1.00000
   0.03180   0.69430   0.13859   0.09603   0.07107   1.00000
   0.03190   0.69883   0.12958   0.09840   0.07318   1.00000
   0.03200   0.69704   0.12966   0.09611   0.07719   1.00000
   0.03210   0.70312   0.11953   0.09650   0.08085   1.00000
   0.03220   0.70654   0.11277   0.09927   0.08141   1.00000
   0.03230   0.70839   0.10785   0.10241   0.08134   1.00000
   0.03240   0.71037   0.10560   0.10200   0.08203   1.00000
   0.03250   0.70993   0.10919   0.10144   0.07944   1.00000
   0.03260   0.70552   0.11321   0.10147   0.07981   1.00000
   0.03270   0.70743   0.10991   0.09971   0.08295   1.00000
   0.03280   0.70599   0.11147   0.10068   0.08186   1.00000
   0.03290   0.70472   0.11285   0.10217   0.08026   1.00000
   0.03300   0.70372   0.11613   0.09824   0.08191   1.00000
   0.03310   0.69464   0.12688   0.09628   0.08221   1.00000
   0.03320   0.69213   0.12666   0.09442   0.08679   1.00000
   0.03330   0.68069   0.13789   0.09150   0.08992   1.00000
   0.03340   0.67623   0.14180   0.09568   0.08629   1.00000
   0.03350   0.66877   0.15372   0.09227   0.08525   1.00000
   0.03360   0.66053   0.16426   0.09197   0.08324   1.00000
   0.03370   0.65477   0.17174   0.09474   0.07875   1.00000
   0.03380   0.64471   0.18362   0.09538   0.07629   1.00000
   0.03390   0.64177   0.18486   0.09814   0.07523   1.00000
   0.03400   0.63970   0.18880   0.10024   0.07126   1.00000
   0.03410   0.63899   0.19129   0.10202   0.06769   1.00000
   0.03420   0.63422   0.19877   0.10192   0.06509   1.00000
   0.03430   0.62678   0.20480   0.10668   0.06174   1.00000
   0.03440   0.62024   0.21536   0.10310   0.06130   1.00000
   0.03450   0.61357   0.21748   0.10758   0.06137   1.00000
   0.03460   0.61058   0.21758   0.11234   0.05951   1.00000
   0.03470   0.60581   0.21799   0.11238   0.06382   1.00000
   0.03480   0.60407   0.21315   0.11743   0.06535   1.00000
   0.03490   0.60397   0.21183   0.11874   0.06546   1.00000
   0.03500   0.60474   0.20773   0.11671   0.07082   1.00000
   0.03510   0.60822   0.19246   0.12587   0.07346   1.00000
   0.03520   0.61093   0.17777   0.13157   0.07973   1.00000
   0.03530   0.61223   0.16530   0.13622   0.08626   1.00000
   0.03540   0.61182   0.15861   0.14324   0.08633   1.00000
   0.03550   0.61190   0.15415   0.14417   0.08978   1.00000
   0.03560   0.61130   0.15716   0.13998   0.09156   1.00000
   0.03570   0.61295   0.15290   0.14573   0.08842   1.00000
   0.03580   0.61321   0.15690   0.13942   0.09047   1.00000
   0.03590   0.61181   0.15822   0.14115   0.08882   1.00000
   0.03600   0.60991   0.16127   0.14189   0.08693   1.00000
   0.03610   0.60654   0.17184   0.13484   0.08678   1.00000
   0.03620   0.60248   0.17727   0.13312   0.08713   1.00000
   0.03630   0.60134   0.17948   0.12884   0.09034   1.00000
   0.03640   0.60342   0.17339   0.12646   0.09673   1.00000
   0.03650   0.60319   0.17003   0.13041   0.09637   1.00000
   0.03660   0.60257   0.17160   0.12965   0.09618   1.00000
   0.03670   0.60069   0.17755   0.12569   0.09607   1.00000
   0.03680   0.60044   0.18796   0.11982   0.09178   1.00000
   0.03690   0.60135   0.19083   0.11721   0.09061   1.00000
   0.03700   0.60518   0.19012   0.11458   0.09011   1.00000
   0.03710   0.60879   0.19093   0.11524   0.08504   1.00000
   0.03720   0.61442   0.18631   0.11533   0.08393   1.00000
   0.03730   0.61759   0.19190   0.11000   0.08051   1.00000
   0.03740   0.61853   0.19161   0.10848   0.08139   1.00000
   0.03750   0.62131   0.18589   0.10395   0.08886   1.00000
   0.03760   0.62376   0.18222   0.10135   0.09267   1.00000
   0.03770   0.62842   0.17278   0.10128   0.09752   1.00000
   0.03780   0.62667   0.17366   0.09780   0.10188   1.00000
   0.03790   0.62991   0.16979   0.09566   0.10465   1.00000
   0.03800   0.62544   0.17385   0.09469   0.10602   1.00000
   0.03810   0.62433   0.17546   0.09352   0.10669   1.00000
   0.03820   0.62347   0.17624   0.09146   0.10884   1.00000
   0.03830   0.62015   0.18143   0.09323   0.10519   1.00000
   0.03840   0.61833   0.18087   0.09521   0.10559   1.00000
   0.03850   0.61384   0.18741   0.09805   0.10069   1.00000
   0.03860   0.60174   0.19975   0.10094   0.09757   1.00000
   0.03870   0.59829   0.20079   0.10112   0.09980   1.00000
   0.03880   0.58482   0.21599   0.10213   0.09707   1.00000
   0.03890   0.57515   0.22397   0.10321   0.09767   1.00000
   0.03900   0.56090   0.23997   0.10323   0.09590   1.00000
   0.03910   0.55622   0.24710   0.10499   0.09169   1.00000
   0.03920   0.54984   0.25653   0.10505   0.08859   1.00000
   0.03930   0.54783   0.25837   0.10517   0.08863   1.00000
   0.03940   0.53933   0.26647   0.10867   0.08553   1.00000
   0.03950   0.52884   0.27613   0.10966   0.08537   1.00000
   0.03960   0.52442   0.27825   0.11277   0.08456   1.00000
   0.03970   0.52333   0.27707   0.11939   0.08021   1.00000
   0.03980   0.52053   0.27626   0.12308   0.08013   1.00000
   0.03990   0.52460   0.26319   0.12870   0.08351   1.00000
   0.04000   0.52040   0.25968   0.13474   0.08517   1.00000
   0.04010   0.52006   0.25295   0.13622   0.09078   1.00000
   0.04020   0.52367   0.24241   0.14045   0.09347   1.00000
   0.04030   0.52632   0.23211   0.15179   0.08978   1.00000
   0.04040   0.53409   0.22183   0.15211   0.09197   1.00000
   0.04050   0.53701   0.21325   0.15853   0.09122   1.00000
   0.04060   0.53825   0.20157   0.16546   0.09472   1.00000
   0.04070   0.54011   0.19672   0.16579   0.09738   1.00000
   0.04080   0.53994   0.18073   0.17997   0.09936   1.00000
   0.04090   0.53921   0.17521   0.19112   0.09446   1.00000
   0.04100   0.53833   0.17266   0.19215   0.09687   1.00000
   0.04110   0.53720   0.16372   0.20011   0.09898   1.00000
   0.04120   0.53265   0.16243   0.20234   0.10259   1.00000
   0.04130   0.52729   0.16580   0.20009   0.10683   1.00000
   0.04140   0.52214   0.16976   0.20495   0.10316   1.00000
   0.04150   0.51614   0.17897   0.20728   0.09762   1.00000
   0.04160   0.51415   0.18800   0.20541   0.09244   1.00000
   0.04170   0.50882   0.19184   0.21104   0.08830   1.00000
   0.04180   0.50213   0.19716   0.21146   0.08925   1.00000
   0.04190   0.49930   0.20567   0.20409   0.09093   1.00000
   0.04200   0.49322   0.20405   0.21015   0.09258   1.00000
   0.04210   0.49166   0.21018   0.20893   0.08923   1.00000
   0.04220   0.48417   0.21609   0.20780   0.09194   1.00000
   0.04230   0.47904   0.21659   0.21002   0.09435   1.00000
   0.04240   0.47294   0.22306   0.20351   0.10049   1.00000
   0.04250   0.47206   0.22072   0.19634   0.11087   1.00000
   0.04260   0.47360   0.21916   0.19353   0.11372   1.00000
   0.04270   0.47662   0.21370   0.19268   0.11700   1.00000
   0.04280   0.48404   0.20667   0.18865   0.12064   1.00000
   0.04290   0.48936   0.20155   0.18870   0.12040   1.00000
   0.04300   0.49464   0.19271   0.18444   0.12821   1.00000
   0.04310   0.50452   0.18327   0.17851   0.13369   1.00000
   0.04320   0.50801   0.17995   0.17626   0.13578   1.00000
   0.04330   0.51451   0.17826   0.17336   0.13386   1.00000
   0.04340   0.51893   0.17946   0.16523   0.13638   1.00000
   0.04350   0.52367   0.17946   0.16588   0.13099   1.00000
   0.04360   0.52812   0.17085   0.16311   0.13792   1.00000
   0.04370   0.53124   0.16643   0.15714   0.14519   1.00000
   0.04380   0.53111   0.16860   0.15769   0.14259   1.00000
   0.04390   0.53212   0.16812   0.15429   0.14548   1.00000
   0.04400   0.53666   0.16666   0.15083   0.14585   1.00000
   0.04410   0.54065   0.16400   0.15652   0.13884   1.00000
   0.04420   0.54223   0.15097   0.15497   0.15182   1.00000
   0.04430   0.54351   0.15318   0.15483   0.14847   1.00000
   0.04440   0.53937   0.16095   0.15633   0.14335   1.00000
   0.04450   0.53700   0.16793   0.15361   0.14145   1.00000
   0.04460   0.53728   0.18218   0.14807   0.13247   1.00000
   0.04470   0.53412   0.18705   0.14958   0.12925   1.00000
   0.04480   0.53488   0.18409   0.14522   0.13581   1.00000
   0.04490   0.53139   0.18752   0.14730   0.13379   1.00000
   0.04500   0.52751   0.18806   0.15087   0.13356   1.00000
   0.04510   0.52607   0.18901   0.14864   0.13627   1.00000
   0.04520   0.52603   0.18999   0.14953   0.13446   1.00000
   0.04530   0.52783   0.18731   0.15186   0.13300   1.00000
   0.04540   0.52924   0.17949   0.14889   0.14237   1.00000
   0.04550   0.53173   0.17666   0.15375   0.13786   1.00000
   0.04560   0.52971   0.17837   0.15405   0.13788   1.00000
   0.04570   0.52953   0.18277   0.14920   0.13850   1.00000
   0.04580   0.53034   0.19015   0.14994   0.12957   1.00000
   0.04590   0.53049   0.19109   0.14768   0.13074   1.00000
   0.04600   0.53091   0.18823   0.15127   0.12959   1.00000
   0.04610   0.52979   0.18537   0.15891   0.12593   1.00000
   0.04620   0.52836   0.19189   0.15442   0.12532   1.00000
   0.04630   0.53038   0.19480   0.15456   0.12026   1.00000
   0.04640   0.53733   0.19653   0.15461   0.11153   1.00000
   0.04650   0.54508   0.19554   0.15065   0.10873   1.00000
   0.04660   0.55005   0.19131   0.15389   0.10475   1.00000
   0.04670   0.55524   0.18613   0.15899   0.09964   1.00000
   0.04680   0.55457   0.19623   0.15607   0.09313   1.00000
   0.04690   0.55310   0.19557   0.16518   0.08615   1.00000
   0.04700   0.55292   0.19614   0.17045   0.08049   1.00000
   0.04710   0.55112   0.19458   0.17442   0.07988   1.00000
   0.04720   0.55228   0.17907   0.18796   0.08068   1.00000
   0.04730   0.55231   0.17394   0.19190   0.08185   1.00000
   0.04740   0.55014   0.17768   0.18914   0.08304   1.00000
   0.04750   0.54774   0.17312   0.19602   0.08312   1.00000
   0.04760   0.54705   0.18268   0.18601   0.08426   1.00000
   0.04770   0.54833   0.17851   0.18100   0.09215   1.00000
   0.04780   0.54917   0.17610   0.17913   0.09560   1.00000
   0.04790   0.55099   0.17014   0.18071   0.09816   1.00000
   0.04800   0.54581   0.17090   0.17877   0.10452   1.00000
   0.04810   0.54153   0.16278   0.19001   0.10569   1.00000
   0.04820   0.53983   0.16044   0.18489   0.11483   1.00000
   0.04830   0.54034   0.14757   0.18633   0.12576   1.00000
   0.04840   0.54476   0.13259   0.19238   0.13027   1.00000
   0.04850   0.54571   0.12148   0.19021   0.14261   1.00000
   0.04860   0.54411   0.11759   0.18997   0.14833   1.00000
   0.04870   0.53664   0.12476   0.19322   0.14538   1.00000
   0.04880   0.53260   0.13776   0.18553   0.14410   1.00000
   0.04890   0.52668   0.14621   0.18134   0.14578   1.00000
   0.04900   0.52539   0.15556   0.17692   0.14213   1.00000
   0.04910   0.52637   0.15139   0.17212   0.15012   1.00000
   0.04920   0.52578   0.15001   0.16682   0.15738   1.00000
   0.04930   0.52468   0.14810   0.17275   0.15447   1.00000
   0.04940   0.52511   0.14328   0.16781   0.16380   1.00000
   0.04950   0.52479   0.13841   0.16462   0.17218   1.00000
   0.04960   0.52914   0.13346   0.16518   0.17222   1.00000
   0.04970   0.53446   0.12413   0.15732   0.18409   1.00000
   0.04980   0.53908   0.12229   0.15242   0.18621   1.00000
   0.04990   0.54036   0.12702   0.15730   0.17532   1.00000
   0.05000   0.54199   0.13210   0.14750   0.17841   1.00000
   0.05010   0.54158   0.13793   0.14638   0.17410   1.00000
   0.05020   0.54358   0.14028   0.14249   0.17365   1.00000
   0.05030   0.54751   0.13179   0.13729   0.18341   1.00000
   0.05040   0.55169   0.11941   0.13684   0.19207   1.00000
   0.05050   0.55598   0.10769   0.14437   0.19196   1.00000
   0.05060   0.56097   0.09462   0.14398   0.20043   1.00000
   0.05070   0.56517   0.08370   0.14784   0.20330   1.00000
   0.05080   0.56875   0.07723   0.15217   0.20184   1.00000
   0.05090   0.56817   0.07650   0.14500   0.21033   1.00000
   0.05100   0.57095   0.07778   0.13728   0.21400   1.00000
   0.05110   0.56701   0.08819   0.14176   0.20305   1.00000
   0.05120   0.56911   0.10203   0.13201   0.19686   1.00000
   0.05130   0.56780   0.10096   0.13997   0.19127   1.00000
   0.05140   0.56536   0.10854   0.14132   0.18478   1.00000
   0.05150   0.56511   0.10500   0.13712   0.19276   1.00000
   0.05160   0.56723   0.09921   0.13828   0.19528   1.00000
   0.05170   0.56842   0.09939   0.14280   0.18939   1.00000
   0.05180   0.57388   0.09770   0.14113   0.18729   1.00000
   0.05190   0.57453   0.09380   0.14641   0.18526   1.00000
   0.05200   0.57546   0.09894   0.14877   0.17683   1.00000
   0.05210   0.57349   0.10573   0.14128   0.17950   1.00000
   0.05220   0.57088   0.11007   0.13850   0.18055   1.00000
   0.05230   0.56704   0.12314   0.14134   0.16848   1.00000
   0.05240   0.56695   0.13573   0.13370   0.16363   1.00000
   0.05250   0.56679   0.13434   0.14085   0.15802   1.00000
   0.05260   0.57033   0.13763   0.14162   0.15042   1.00000
   0.05270   0.57442   0.13070   0.14153   0.15335   1.00000
   0.05280   0.57772   0.12147   0.14528   0.15554   1.00000
   0.05290   0.58002   0.12105   0.14606   0.15287   1.00000
   0.05300   0.58328   0.12137   0.14096   0.15439   1.00000
   0.05310   0.58373   0.12425   0.14006   0.15197   1.00000
   0.05320   0.58270   0.13064   0.14332   0.14335   1.00000
   0.05330   0.57953   0.13216   0.14161   0.14670   1.00000
   0.05340   0.57279   0.13500   0.14125   0.15096   1.00000
   0.05350   0.56853   0.13847   0.14237   0.15064   1.00000
   0.05360   0.56669   0.14099   0.13363   0.15869   1.00000
   0.05370   0.56302   0.14283   0.13537   0.15878   1.00000
   0.05380   0.56262   0.14114   0.13595   0.16029   1.00000
   0.05390   0.55799   0.13666   0.13424   0.17112   1.00000
   0.05400   0.55484   0.13649   0.13772   0.17095   1.00000
   0.05410   0.55480   0.13472   0.13772   0.17275   1.00000
   0.05420   0.55385   0.13396   0.13494   0.17725   1.00000
   0.05430   0.55337   0.14323   0.13343   0.16998   1.00000
   0.05440   0.55213   0.14668   0.13519   0.16600   1.00000
   0.05450   0.54789   0.14644   0.13506   0.17061   1.00000
   0.05460   0.54628   0.15055   0.13437   0.16880   1.00000
   0.05470   0.54548   0.14183   0.13708   0.17561   1.00000
   0.05480   0.54611   0.13552   0.13361   0.18476   1.00000
   0.05490   0.54860   0.13906   0.13125   0.18108   1.00000
   0.05500   0.55312   0.12500   0.13609   0.18579   1.00000
   0.05510   0.55385   0.12143   0.13438   0.19035   1.00000
   0.05520   0.55881   0.11849   0.14022   0.18248   1.00000
   0.05530   0.56475   0.10576   0.14207   0.18742   1.00000
   0.05540   0.56712   0.10710   0.13959   0.18619   1.00000
   0.05550   0.57294   0.11019   0.13777   0.17911   1.00000
   0.05560   0.57369   0.11410   0.13934   0.17288   1.00000
   0.05570   0.57210   0.11499   0.13851   0.17440   1.00000
   0.05580   0.57853   0.11604   0.13967   0.16575   1.00000
   0.05590   0.57730   0.10882   0.14124   0.17264   1.00000
   0.05600   0.58257   0.10227   0.13918   0.17598   1.00000
   0.05610   0.58380   0.10760   0.13773   0.17087   1.00000
   0.05620   0.58018   0.10032   0.14103   0.17847   1.00000
   0.05630   0.58088   0.09984   0.13919   0.18008   1.00000
   0.05640   0.58134   0.10391   0.14228   0.17247   1.00000
   0.05650   0.58020   0.09805   0.14475   0.17700   1.00000
   0.05660   0.57747   0.10468   0.14204   0.17582   1.00000
   0.05670   0.57289   0.10686   0.14377   0.17648   1.00000
   0.05680   0.55962   0.11349   0.14522   0.18168   1.00000
   0.05690   0.55247   0.11848   0.14453   0.18452   1.00000
   0.05700   0.55503   0.11925   0.14784   0.17788   1.00000
   0.05710   0.54737   0.12050   0.14842   0.18371   1.00000
   0.05720   0.56138   0.10592   0.14687   0.18583   1.00000
   0.05730   0.55583   0.10325   0.15188   0.18903   1.00000
   0.05740   0.55290   0.09686   0.15264   0.19760   1.00000
   0.05750   0.55289   0.09656   0.15108   0.19947   1.00000
   0.05760   0.55068   0.10453   0.15290   0.19188   1.00000
   0.05770   0.54996   0.10391   0.15251   0.19362   1.00000
   0.05780   0.55793   0.09884   0.15316   0.19006   1.00000
   0.05790   0.55653   0.09494   0.15812   0.19041   1.00000
   0.05800   0.55188   0.09323   0.15937   0.19551   1.00000
   0.05810   0.54953   0.09664   0.16179   0.19205   1.00000
   0.05820   0.54606   0.10166   0.16280   0.18949   1.00000
   0.05830   0.54444   0.10331   0.16480   0.18745   1.00000
   0.05840   0.55337   0.09968   0.16515   0.18180   1.00000
   0.05850   0.55186   0.09378   0.17165   0.18271   1.00000
   0.05860   0.55218   0.09550   0.17325   0.17908   1.00000
   0.05870   0.55039   0.10206   0.16859   0.17896   1.00000
   0.05880   0.54556   0.11440   0.17059   0.16945   1.00000
   0.05890   0.54201   0.12555   0.16791   0.16452   1.00000
   0.05900   0.54785   0.12890   0.16687   0.15639   1.00000
   0.05910   0.54677   0.12246   0.17309   0.15768   1.00000
   0.05920   0.54742   0.12020   0.17255   0.15982   1.00000
   0.05930   0.54600   0.11950   0.17246   0.16204   1.00000
   0.05940   0.53879   0.12272   0.17444   0.16405   1.00000
   0.05950   0.53523   0.12773   0.17801   0.15903   1.00000
   0.05960   0.53480   0.12466   0.17884   0.16169   1.00000
   0.05970   0.53182   0.11161   0.18936   0.16722   1.00000
   0.05980   0.53261   0.10740   0.19053   0.16946   1.00000
   0.05990   0.53179   0.10253   0.18953   0.17615   1.00000
   0.06000   0.52531   0.10366   0.19665   0.17438   1.00000
   0.06010   0.52430   0.10270   0.19636   0.17664   1.00000
   0.06020   0.52596   0.09692   0.19833   0.17879   1.00000
   0.06030   0.52770   0.08284   0.20630   0.18317   1.00000
   0.06040   0.53068   0.07661   0.20745   0.18525   1.00000
   0.06050   0.53044   0.07205   0.20662   0.19089   1.00000
   0.06060   0.52871   0.07168   0.21045   0.18916   1.00000
   0.06070   0.52968   0.07455   0.20896   0.18681   1.00000
   0.06080   0.53096   0.07220   0.20786   0.18898   1.00000
   0.06090   0.52942   0.07137   0.21244   0.18677   1.00000
   0.06100   0.53131   0.06834   0.21362   0.18673   1.00000
   0.06110   0.53167   0.07369   0.20909   0.18555   1.00000
   0.06120   0.52967   0.07681   0.21566   0.17786   1.00000
   0.06130   0.53069   0.08213   0.21330   0.17388   1.00000
   0.06140   0.53167   0.08676   0.21259   0.16897   1.00000
   0.06150   0.52857   0.09156   0.21621   0.16366   1.00000
   0.06160   0.53261   0.09304   0.21122   0.16313   1.00000
   0.06170   0.53046   0.09658   0.21026   0.16270   1.00000
   0.06180   0.52903   0.10529   0.20946   0.15622   1.00000
   0.06190   0.52948   0.10961   0.20461   0.15630   1.00000
   0.06200   0.52553   0.11702   0.19844   0.15901   1.00000
   0.06210   0.52635   0.11838   0.19497   0.16030   1.00000
   0.06220   0.52886   0.11181   0.19384   0.16549   1.00000
   0.06230   0.53000   0.11015   0.19207   0.16778   1.00000
   0.06240   0.52921   0.11040   0.19485   0.16555   1.00000
   0.06250   0.52734   0.11071   0.19484   0.16711   1.00000
   0.06260   0.52536   0.11166   0.19328   0.16969   1.00000
   0.06270   0.52014   0.11177   0.19756   0.17053   1.00000
   0.06280   0.52102   0.10343   0.20026   0.17528   1.00000
   0.06290   0.51679   0.10077   0.20480   0.17764   1.00000
   0.06300   0.51472   0.10408   0.20847   0.17273   1.00000
   0.06310   0.51118   0.10584   0.20928   0.17370   1.00000
   0.06320   0.50269   0.10983   0.20873   0.17875   1.00000
   0.06330   0.50124   0.10642   0.20843   0.18392   1.00000
   0.06340   0.50002   0.09958   0.21145   0.18894   1.00000
   0.06350   0.50188   0.09083   0.21177   0.19552   1.00000
   0.06360   0.50025   0.09400   0.21536   0.19039   1.00000
   0.06370   0.49677   0.09769   0.21762   0.18791   1.00000
   0.06380   0.49195   0.10757   0.21391   0.18657   1.00000
   0.06390   0.48754   0.11257   0.21793   0.18196   1.00000
   0.06400   0.48647   0.11054   0.22304   0.17995   1.00000
   0.06410   0.48564   0.10987   0.22498   0.17952   1.00000
   0.06420   0.48494   0.11458   0.23206   0.16843   1.00000
   0.06430   0.48565   0.12185   0.23141   0.16109   1.00000
   0.06440   0.47773   0.13228   0.23066   0.15934   1.00000
   0.06450   0.48030   0.12955   0.23092   0.15923   1.00000
   0.06460   0.47663   0.13273   0.23164   0.15900   1.00000
   0.06470   0.48279   0.12204   0.22968   0.16549   1.00000
   0.06480   0.48405   0.12488   0.23537   0.15570   1.00000
   0.06490   0.48654   0.12552   0.23345   0.15449   1.00000
   0.06500   0.48753   0.12747   0.23010   0.15490   1.00000
   0.06510   0.48557   0.12905   0.23161   0.15377   1.00000
   0.06520   0.48630   0.12598   0.23132   0.15640   1.00000
   0.06530   0.48901   0.11587   0.23411   0.16101   1.00000
